,236,235,134,33,205,170,205,
,232,238,134,33,200,170,200,
,229,239,134,33,190,165,210,
,227,240,134,33,195,170,205,
,226,240,134,33,195,175,200,
,226,239,134,33,190,170,210,
,228,240,134,33,190,170,215,
,230,242,134,33,190,170,210,
,234,242,134,33,200,170,205,
,239,246,136,33,200,175,210,
,243,247,137,34,205,175,210,
,247,249,140,34,210,175,215,
,249,249,144,35,215,175,220,
,255,249,143,35,220,180,215,
,261,254,139,34,215,175,225,
,257,255,149,36,220,180,220,
,261,255,151,37,225,185,220,
,264,255,151,37,230,185,225,
,264,255,159,39,235,190,220,
,268,256,154,37,230,185,235,
,265,257,160,39,230,190,230,
,267,259,157,38,230,190,230,
,265,258,161,39,230,190,230,
,265,258,158,39,230,190,230,
,264,258,158,39,230,190,230,
,262,260,160,39,225,190,235,
,264,262,155,38,225,190,230,
,261,263,159,39,225,190,235,
,260,262,158,39,225,190,230,
,261,263,162,39,225,190,230,
,263,263,161,39,230,195,230,
,268,264,158,38,230,190,235,
,268,266,162,39,230,195,230,
,271,266,157,38,235,195,230,
,271,266,160,39,235,195,230,
,271,264,160,39,230,190,240,
,268,261,164,40,235,190,230,
,266,259,161,39,230,190,235,
,266,257,158,38,230,190,230,
,260,256,157,38,220,185,230,
,257,256,152,37,215,180,230,
,249,256,154,38,210,185,230,
,247,258,148,36,205,185,225,
,240,255,149,36,200,185,225,
,232,255,153,37,195,180,225,
,232,257,145,36,190,185,225,
,220,259,152,37,185,185,225,
,212,259,161,39,175,190,230,
,202,268,152,37,165,200,225,
,197,270,148,36,165,205,220,
,187,260,161,39,160,205,225,
,196,290,134,33,150,210,230,
,192,282,148,36,150,210,225,
,191,296,145,35,155,215,220,
,191,298,144,35,155,220,220,
,192,299,134,33,155,220,220,
,194,295,142,35,150,220,220,
,193,289,152,37,155,220,220,
,199,292,151,37,160,220,215,
,202,289,149,36,160,215,230,
,207,291,146,36,170,215,220,
,209,287,153,37,175,215,220,
,213,288,153,37,180,215,220,
,216,287,152,37,185,220,220,
,218,286,158,38,185,215,225,
,223,287,157,38,195,220,215,
,230,286,150,37,195,220,225,
,229,284,158,38,200,220,220,
,231,284,159,39,200,220,225,
,238,286,150,37,200,220,225,
,239,285,157,38,205,220,225,
,241,286,159,39,210,220,225,
,249,288,155,38,210,220,230,
,255,286,155,38,220,220,225,
,259,286,158,39,225,220,225,
,265,286,158,38,230,220,225,
,271,286,158,38,235,215,230,
,278,286,158,38,240,215,230,
,284,286,154,38,245,210,230,
,288,284,155,38,250,215,225,
,290,283,157,38,255,215,225,
,296,283,152,37,260,220,220,
,298,283,153,37,260,215,225,
,300,283,155,38,260,215,230,
,303,284,151,37,260,215,230,
,305,283,152,37,265,215,225,
,305,283,151,37,265,215,225,
,306,282,150,37,265,210,235,
,307,281,151,37,265,210,230,
,309,280,151,37,265,210,230,
,309,279,152,37,265,210,230,
,313,279,147,36,270,210,230,
,315,280,145,36,275,210,225,
,315,279,149,36,275,210,225,
,316,278,150,37,275,210,225,
,321,280,145,35,275,205,230,
,322,279,146,36,280,205,230,
,321,278,150,37,280,210,230,
,327,280,145,35,285,205,230,
,328,279,148,36,285,205,230,
,329,278,148,36,285,210,225,
,332,278,148,36,285,205,230,
,333,279,148,36,285,205,230,
,336,279,146,36,285,205,230,
,337,280,145,35,290,205,230,
,337,282,145,35,290,205,230,
,340,282,142,35,290,205,230,
,340,281,145,36,295,210,225,
,341,283,141,35,295,210,230,
,343,283,141,34,295,205,230,
,339,282,145,36,295,210,230,
,342,283,143,35,295,210,230,
,347,285,138,34,300,210,230,
,347,286,140,34,300,210,225,
,349,286,139,34,305,215,225,
,348,285,142,35,305,215,220,
,350,286,142,35,305,215,220,
,352,287,139,34,305,210,225,
,352,284,146,36,305,210,230,
,355,289,137,34,305,210,225,
,354,288,138,34,305,210,225,
,354,285,142,35,305,210,225,
,355,284,141,34,305,210,225,
,351,283,147,36,305,210,225,
,352,282,147,36,305,210,225,
,356,283,141,34,305,210,230,
,353,281,142,35,305,205,230,
,356,282,143,35,305,205,235,
,356,281,144,35,305,205,230,
,357,283,139,34,305,205,230,
,356,281,143,35,305,205,235,
,359,282,138,34,310,205,230,
,358,282,142,35,305,205,235,
,358,282,144,35,310,205,235,
,361,284,142,35,310,205,235,
,362,282,142,35,310,205,235,
,363,282,143,35,315,210,230,
,363,282,146,36,315,210,230,
,365,283,145,35,315,210,230,
,367,284,144,35,315,205,235,
,370,287,140,34,315,210,230,
,370,285,144,35,315,205,235,
,373,287,142,35,320,210,235,
,374,289,140,34,325,215,230,
,380,296,134,33,320,215,230,
,379,296,134,33,320,220,230,
,378,292,142,35,330,220,225,
,379,293,143,35,330,220,225,
,381,292,143,35,330,220,220,
,385,300,134,33,335,225,220,
,386,300,134,33,330,220,230,
,380,288,148,36,325,220,230,
,379,288,149,36,325,220,230,
,380,290,148,36,330,220,230,
,386,299,134,33,325,220,230,
,387,299,134,33,330,220,230,
,386,299,134,33,325,220,235,
,382,289,148,36,325,220,235,
,377,277,161,39,325,215,235,
,390,299,134,33,330,220,235,
,389,298,134,33,330,215,235,
,389,300,134,33,335,220,230,
,390,299,134,33,335,220,230,
,390,299,134,33,330,220,235,
,389,300,134,33,325,215,240,
,388,300,134,33,335,220,230,
,388,298,134,33,330,220,230,
,388,299,134,33,330,220,235,
,389,300,134,33,330,220,230,
,380,290,144,35,335,220,230,
,384,298,134,33,330,220,225,
,378,290,144,35,330,220,220,
,376,290,145,35,325,220,225,
,373,288,148,36,325,225,225,
,368,288,149,36,320,215,230,
,365,289,149,36,315,215,240,
,362,287,148,36,310,215,235,
,358,287,152,37,315,215,230,
,351,284,158,39,310,215,230,
,351,286,149,36,305,215,230,
,347,285,152,37,305,215,230,
,343,284,153,37,295,210,235,
,340,283,153,37,295,210,235,
,335,281,155,38,290,210,240,
,328,279,160,39,285,210,235,
,325,280,158,38,285,210,235,
,318,278,164,40,280,215,230,
,314,278,166,41,280,210,235,
,308,278,173,42,275,220,235,
,305,278,174,42,270,210,235,
,302,279,175,43,270,215,235,
,301,278,174,42,270,215,235,
,299,281,172,42,265,215,240,
,296,279,177,43,265,220,240,
,293,279,179,43,260,215,245,
,291,279,180,44,255,215,250,
,289,279,178,43,250,210,255,
,290,278,175,43,245,210,255,
,286,277,179,44,255,210,245,
,280,274,186,45,245,200,255,
,286,274,175,42,250,205,250,
,281,271,180,44,250,205,245,
,281,270,181,44,250,205,250,
,280,269,176,43,245,205,250,
,276,266,180,44,250,205,250,
,277,265,180,44,240,195,255,
,277,264,176,43,235,190,260,
,272,261,180,44,230,185,260,
,272,259,176,43,235,185,260,
,271,257,175,42,230,180,265,
,270,258,172,42,225,175,270,
,269,253,179,43,225,170,270,
,271,253,172,42,225,175,265,
,268,250,177,43,225,170,270,
,267,249,179,44,225,170,270,
,271,249,171,42,230,175,260,
,268,248,175,43,225,170,260,
,269,247,175,42,225,170,265,
,269,247,175,43,225,170,260,
,268,246,173,42,230,170,255,
,268,245,178,43,230,170,260,
,268,245,174,42,225,170,260,
,265,244,179,44,220,160,270,
,271,246,171,42,225,165,265,
,271,245,173,42,225,165,265,
,269,245,177,43,225,170,265,
,271,245,177,43,225,165,265,
,271,245,173,42,220,165,270,
,271,246,174,42,220,165,270,
,272,247,173,42,225,170,270,
,270,248,175,43,225,170,265,
,272,249,170,41,230,175,260,
,267,249,175,43,225,170,260,
,265,250,178,43,225,170,265,
,262,251,176,43,220,170,270,
,263,252,174,42,215,170,265,
,261,251,174,42,215,170,270,
,257,252,178,43,215,170,270,
,256,252,181,44,215,175,260,
,260,254,171,42,215,175,260,
,254,254,179,44,225,180,250,
,253,255,181,44,220,180,255,
,255,255,177,43,220,180,255,
,256,256,179,44,220,175,260,
,261,256,172,42,225,180,255,
,261,256,177,43,225,180,255,
,264,257,176,43,230,185,250,
,269,256,175,43,235,190,245,
,271,256,174,42,230,180,255,
,275,255,167,41,240,185,245,
,276,254,169,41,240,185,245,
,278,253,170,41,245,180,245,
,274,252,176,43,235,175,250,
,278,253,170,41,240,175,250,
,279,253,169,41,245,180,240,
,282,255,169,41,245,185,240,
,283,257,168,41,245,185,240,
,281,257,170,41,245,180,245,
,283,257,167,41,245,180,245,
,284,257,166,40,245,180,245,
,286,257,164,40,245,180,245,
,284,257,169,41,245,180,245,
,288,257,165,40,245,180,245,
,288,257,166,40,245,180,245,
,287,258,167,41,245,180,250,
,287,259,167,41,245,180,250,
,285,258,168,41,245,185,245,
,282,259,171,42,245,185,250,
,281,258,173,42,240,185,250,
,282,259,170,41,245,185,250,
,284,258,169,41,245,185,245,
,283,259,168,41,245,185,245,
,281,257,169,41,240,185,250,
,280,259,171,42,245,185,245,
,281,260,170,41,235,180,255,
,277,254,177,43,245,180,245,
,281,251,167,41,240,175,250,
,278,249,172,42,235,170,255,
,275,244,174,42,235,170,250,
,271,238,176,43,230,160,250,
,271,236,170,41,230,160,255,
,268,231,176,43,230,150,255,
,268,228,174,42,220,145,270,
,267,224,175,42,225,145,255,
,266,219,174,42,225,145,255,
,263,209,178,43,220,135,260,
,261,198,181,44,220,120,260,
,255,185,192,47,220,105,265,
,261,174,185,45,220,95,265,
,257,160,191,47,215,80,270,
,258,145,192,47,215,60,265,
,260,129,193,47,210,40,285,
,259,115,193,47,215,30,285,
,259,106,195,48,215,25,275,
,260,100,192,47,220,20,275,
,260,101,192,47,220,20,270,
,260,107,193,47,215,25,275,
,261,112,194,47,215,25,285,
,266,120,192,47,220,35,280,
,271,125,184,45,220,40,280,
,269,129,190,46,225,45,280,
,269,135,190,46,230,55,265,
,270,138,187,46,230,60,270,
,271,141,186,45,225,60,275,
,273,144,184,45,225,60,270,
,269,145,190,46,220,60,280,
,269,146,185,45,220,60,285,
,269,146,188,46,220,60,280,
,271,146,185,45,220,60,285,
,274,147,185,45,225,60,280,
,271,148,189,46,230,65,270,
,270,150,191,46,230,70,275,
,274,153,182,44,225,65,280,
,274,153,183,45,225,70,285,
,271,155,181,44,225,75,270,
,271,156,181,44,230,75,265,
,268,158,181,44,230,80,260,
,265,159,183,45,225,80,265,
,264,159,175,43,230,80,260,
,262,161,179,44,225,80,265,
,259,159,179,44,220,80,265,
,259,159,181,44,225,85,255,
,257,157,187,46,220,85,255,
,260,157,178,43,220,80,260,
,261,157,182,44,220,75,265,
,261,158,181,44,230,85,255,
,262,158,179,44,230,85,260,
,264,160,181,44,235,85,250,
,265,160,178,43,230,85,255,
,264,161,180,44,235,85,260,
,263,161,178,44,230,85,255,
,261,162,177,43,225,85,260,
,256,162,179,44,220,85,265,
,254,161,181,44,210,80,270,
,248,161,181,44,210,80,270,
,243,162,185,45,210,80,265,
,239,163,178,43,195,75,275,
,231,163,175,43,195,80,270,
,226,164,173,42,180,80,275,
,214,163,183,44,175,75,275,
,208,163,181,44,170,75,270,
,201,164,174,42,150,70,280,
,196,164,174,42,155,80,270,
,189,164,176,43,140,70,280,
,182,164,174,42,140,75,275,
,180,165,172,42,135,80,270,
,174,164,177,43,125,75,275,
,168,166,180,44,125,75,270,
,166,165,180,44,125,70,280,
,167,167,175,43,120,75,280,
,162,166,180,44,120,75,280,
,163,167,177,43,115,75,275,
,162,165,178,43,115,70,275,
,164,167,174,42,115,75,280,
,162,166,176,43,115,70,280,
,164,165,174,42,110,70,285,
,161,165,183,44,120,75,275,
,166,163,179,43,120,70,280,
,165,162,186,45,120,70,285,
,171,161,182,44,125,70,280,
,169,160,182,44,125,70,285,
,166,158,192,47,125,70,280,
,170,158,187,45,125,70,285,
,171,158,188,46,125,70,290,
,171,160,185,45,125,70,290,
,169,161,184,45,125,70,285,
,168,162,179,43,125,75,275,
,165,161,179,43,120,70,285,
,164,164,177,43,120,75,275,
,155,163,193,47,120,75,275,
,157,162,180,44,115,70,280,
,159,163,172,42,120,75,275,
,166,166,161,39,115,70,275,
,158,160,182,44,115,70,280,
,160,164,180,44,120,80,265,
,162,164,177,43,120,75,275,
,160,161,186,45,120,75,270,
,162,163,182,44,120,75,275,
,162,160,179,44,120,75,270,
,158,153,193,47,115,75,280,
,156,160,193,47,115,65,285,
,158,161,179,44,110,70,280,
,154,161,182,44,115,75,265,
,142,153,172,42,100,65,275,
,140,160,177,43,95,70,270,
,132,160,193,47,90,65,285,
,135,166,193,47,90,70,285,
,130,169,193,47,80,50,320,
,134,175,170,41,80,70,300,
,124,182,212,52,90,85,285,
,146,181,175,43,95,80,285,
,146,166,193,47,110,90,265,
,150,161,193,47,115,80,275,
,156,163,193,47,120,75,280,
,154,156,193,47,120,75,275,
,168,150,182,44,130,70,275,
,212,161,182,44,165,70,280,
,232,164,169,41,180,70,275,
,229,159,185,45,190,75,270,
,239,161,180,44,195,75,270,
,248,155,172,42,205,70,265,
,249,156,185,45,215,80,255,
,256,154,179,43,210,70,270,
,260,154,180,44,225,75,255,
,265,156,177,43,225,75,255,
,267,153,175,42,230,75,255,
,274,153,166,40,235,80,240,
,272,150,171,42,240,75,245,
,280,147,162,39,245,70,235,
,280,141,158,38,245,65,240,
,280,137,157,38,240,55,235,
,278,134,150,37,240,55,235,
,275,135,148,36,235,55,230,
,266,136,158,38,240,65,215,
,265,142,148,36,230,65,215,
,266,146,141,34,225,70,220,
,262,151,143,35,230,80,215,
,262,155,139,34,230,85,205,
,258,156,137,34,220,85,210,
,257,160,134,33,220,90,210,
,257,161,134,33,220,90,210,
,256,163,134,33,225,95,200,
,256,166,134,33,225,95,200,
,256,169,134,33,220,100,200,
,263,181,134,33,235,110,200,
,265,180,134,33,235,110,195,
,267,180,134,33,240,110,195,
,268,178,134,33,240,115,195,
,269,180,134,33,240,115,195,
,270,180,134,33,240,115,195,
,274,179,134,33,245,115,195,
,275,179,134,33,240,115,205,
,276,178,134,33,240,115,200,
,276,176,134,33,240,110,205,
,278,176,134,33,240,110,205,
,276,176,134,33,240,110,205,
,275,177,134,33,240,105,205,
,273,174,136,34,240,105,210,
,273,174,134,33,230,100,215,
,271,171,138,34,230,100,215,
,268,167,146,36,230,100,210,
,268,165,146,36,235,100,210,
,270,165,147,36,240,100,215,
,268,165,151,37,240,100,210,
,270,165,151,37,240,105,210,
,270,166,153,37,240,100,215,
,272,165,153,37,240,100,215,
,270,165,157,38,240,100,215,
,272,164,156,38,240,100,215,
,271,163,157,38,240,95,220,
,272,161,158,38,240,95,220,
,273,160,158,38,240,90,225,
,272,160,160,39,235,90,235,
,273,159,159,39,240,90,220,
,272,157,161,39,240,90,220,
,274,156,160,39,235,85,230,
,274,155,161,39,235,80,240,
,273,154,163,40,235,80,240,
,274,153,162,39,235,80,235,
,275,153,163,40,235,80,240,
,278,153,160,39,235,80,245,
,275,152,168,41,240,80,240,
,276,153,168,41,245,85,235,
,276,153,167,41,240,80,240,
,277,153,166,41,240,80,240,
,281,154,166,40,245,80,240,
,284,160,163,40,245,80,245,
,287,162,160,39,245,85,240,
,285,161,164,40,250,90,240,
,285,163,169,41,250,90,245,
,287,166,167,41,245,90,255,
,287,167,173,42,245,85,260,
,289,167,171,42,240,90,265,
,289,167,174,42,250,95,250,
,291,168,172,42,250,90,255,
,291,169,173,42,245,85,265,
,292,168,177,43,260,95,250,
,294,169,177,43,255,90,260,
,297,168,174,42,255,90,255,
,301,168,172,42,255,85,265,
,306,169,166,41,255,85,265,
,305,166,172,42,260,90,255,
,308,167,170,41,255,85,260,
,312,169,163,40,250,85,270,
,308,173,155,38,250,85,260,
,308,176,134,33,240,80,270,
,269,170,166,40,225,95,250,
,273,176,154,38,225,95,250,
,276,178,149,36,220,95,260,
,270,174,163,40,220,95,255,
,264,167,178,43,225,90,255,
,268,166,178,43,220,90,260,
,269,165,175,43,220,85,260,
,270,164,177,43,225,90,255,
,271,164,173,42,230,90,255,
,269,164,178,43,230,90,255,
,268,163,181,44,225,85,260,
,271,163,177,43,225,85,265,
,270,162,183,45,230,85,260,
,275,163,173,42,225,85,260,
,272,162,179,44,230,85,260,
,272,163,182,44,230,85,260,
,273,163,181,44,225,85,260,
,272,162,184,45,225,85,260,
,273,163,182,44,230,85,260,
,277,163,177,43,225,80,265,
,280,164,177,43,235,85,265,
,285,165,177,43,235,85,270,
,290,165,180,44,245,90,260,
,301,167,172,42,255,90,255,
,308,171,168,41,260,90,255,
,310,170,169,41,260,95,255,
,312,170,168,41,270,100,245,
,312,169,174,43,270,95,250,
,317,170,166,40,270,90,255,
,319,169,168,41,275,95,250,
,320,170,169,41,280,95,245,
,322,169,170,41,280,100,240,
,324,170,166,40,280,95,250,
,325,170,165,40,280,90,250,
,326,169,166,40,280,95,245,
,330,169,165,40,285,95,245,
,334,171,162,39,285,95,245,
,337,171,158,38,290,95,245,
,339,172,159,39,295,100,240,
,339,172,158,39,290,95,250,
,343,173,154,38,295,100,240,
,339,173,159,39,295,100,240,
,341,173,157,38,295,100,240,
,340,173,155,38,295,100,240,
,339,173,156,38,295,100,245,
,334,171,162,40,285,95,245,
,334,171,160,39,290,95,250,
,330,171,163,40,285,95,250,
,324,171,168,41,280,100,240,
,322,171,166,40,280,100,240,
,316,171,170,41,275,100,245,
,310,172,168,41,270,100,240,
,308,172,167,41,270,105,240,
,303,173,170,42,265,100,245,
,303,173,166,40,270,105,240,
,300,175,165,40,270,105,240,
,302,176,161,39,265,105,235,
,303,176,157,38,265,110,235,
,300,176,156,38,260,105,235,
,295,176,166,40,255,105,245,
,293,176,162,40,255,100,245,
,295,176,161,39,250,95,250,
,293,175,162,40,260,100,240,
,292,175,164,40,260,105,235,
,291,174,166,40,255,100,245,
,288,173,169,41,250,100,250,
,287,172,176,43,250,100,250,
,293,174,168,41,245,95,260,
,294,174,169,41,245,100,255,
,289,170,179,44,240,90,265,
,291,167,183,44,240,90,265,
,295,170,178,43,240,90,265,
,302,169,175,42,240,90,270,
,308,154,161,39,250,80,265,
,313,155,172,42,260,90,260,
,317,157,161,39,260,90,260,
,313,158,180,44,260,80,265,
,314,160,177,43,255,80,260,
,312,163,172,42,255,85,270,
,315,169,172,42,255,90,265,
,314,172,172,42,255,95,260,
,318,174,165,40,255,90,260,
,313,171,170,41,255,90,265,
,313,172,173,42,255,90,265,
,319,178,161,39,250,90,270,
,316,175,167,41,255,85,270,
,314,171,171,41,250,85,270,
,316,173,170,41,260,90,260,
,317,172,172,42,255,85,270,
,312,166,177,43,255,90,265,
,316,171,175,42,255,90,265,
,317,171,171,41,260,90,265,
,318,172,172,42,255,90,265,
,320,173,166,40,260,95,260,
,317,170,174,42,260,95,260,
,320,172,167,41,265,95,255,
,317,169,177,43,260,95,260,
,317,169,175,43,255,90,265,
,318,169,172,42,260,95,260,
,320,173,166,40,255,90,265,
,314,168,175,43,255,90,265,
,316,172,171,41,260,90,260,
,319,172,167,41,260,90,260,
,318,171,171,41,260,90,260,
,318,171,170,41,255,85,270,
,319,169,172,42,260,90,265,
,323,174,166,40,260,85,265,
,319,173,175,42,260,85,265,
,322,173,168,41,265,90,265,
,323,173,168,41,265,90,265,
,315,171,181,44,265,85,270,
,318,171,176,43,265,90,270,
,318,170,176,43,270,90,260,
,318,170,176,43,265,90,270,
,314,170,182,44,270,95,260,
,318,173,171,41,265,95,265,
,314,172,176,43,270,95,260,
,315,173,173,42,265,90,265,
,312,172,176,43,270,95,260,
,312,173,172,42,270,95,250,
,309,172,178,43,265,95,260,
,311,172,174,42,265,95,255,
,309,172,176,43,270,95,255,
,308,171,177,43,265,95,255,
,307,171,177,43,265,95,255,
,308,171,177,43,260,95,260,
,307,171,177,43,265,90,260,
,305,169,179,44,270,100,250,
,306,170,181,44,265,95,260,
,305,170,180,44,260,90,265,
,306,171,177,43,270,95,255,
,306,172,176,43,270,100,250,
,306,171,179,44,265,95,255,
,305,170,179,44,265,95,260,
,306,171,177,43,265,100,255,
,302,170,183,45,260,95,265,
,304,171,179,44,265,90,260,
,302,170,185,45,260,85,275,
,303,172,185,45,260,90,270,
,301,172,188,46,260,90,270,
,304,174,186,45,260,95,270,
,301,175,188,46,255,95,270,
,302,175,190,46,260,90,275,
,300,175,194,47,260,95,275,
,299,176,196,48,255,90,280,
,301,177,192,47,255,95,290,
,295,177,203,50,255,95,285,
,298,179,200,49,250,95,290,
,296,179,206,50,255,100,280,
,294,180,209,51,255,100,285,
,300,181,201,49,250,95,300,
,297,182,206,50,250,85,305,
,301,181,200,49,255,95,295,
,299,177,200,49,255,95,300,
,302,176,201,49,250,75,315,
,303,174,205,50,265,90,300,
,306,173,203,50,270,85,295,
,309,174,196,48,265,85,295,
,301,173,204,50,265,90,285,
,298,173,203,50,265,90,285,
,294,173,203,50,260,90,285,
,289,173,201,49,250,90,285,
,280,171,210,51,240,90,290,
,273,172,206,50,230,90,295,
,266,173,202,49,220,85,295,
,259,175,198,48,220,90,295,
,256,174,197,48,210,90,295,
,252,176,194,47,200,90,300,
,246,176,201,49,205,95,290,
,244,175,198,48,200,90,300,
,246,177,194,47,205,90,290,
,243,175,203,50,200,90,300,
,246,176,201,49,205,95,295,
,246,176,203,50,205,100,290,
,247,177,204,50,205,95,300,
,249,175,206,50,205,90,295,
,250,176,203,50,205,95,295,
,252,176,202,49,210,95,300,
,253,176,205,50,205,90,300,
,255,178,201,49,210,90,295,
,255,177,203,50,215,95,295,
,259,177,199,49,210,90,295,
,258,176,201,49,215,95,295,
,264,183,189,46,215,90,295,
,264,184,192,47,210,90,305,
,258,178,202,49,220,100,290,
,261,179,197,48,220,90,295,
,260,175,200,49,215,90,295,
,265,178,194,47,210,85,305,
,261,177,200,49,215,90,300,
,262,174,203,50,220,90,295,
,258,176,205,50,215,95,295,
,261,174,204,50,215,85,305,
,261,176,201,49,215,85,305,
,262,176,198,48,220,90,295,
,258,174,208,51,220,90,295,
,260,176,204,50,220,95,295,
,262,176,196,48,215,90,300,
,260,175,206,50,220,90,295,
,262,176,200,49,220,95,290,
,259,175,205,50,215,85,305,
,260,175,204,50,210,85,305,
,260,174,206,50,215,90,295,
,262,176,198,48,215,85,300,
,259,175,208,51,215,90,300,
,264,175,198,48,210,85,305,
,260,173,206,50,220,95,290,
,261,174,197,48,220,95,295,
,257,171,208,51,225,95,285,
,260,170,203,50,220,85,290,
,262,171,199,49,220,85,295,
,262,169,199,49,220,85,290,
,260,166,202,49,215,80,300,
,256,162,203,49,215,75,295,
,255,157,202,49,210,70,295,
,253,152,200,49,210,65,295,
,249,147,205,50,205,65,295,
,249,146,205,50,200,60,300,
,247,147,205,50,205,65,290,
,245,147,206,50,205,65,295,
,244,146,210,51,205,65,290,
,243,146,208,51,205,65,290,
,244,145,208,51,205,60,295,
,247,144,204,50,200,55,300,
,246,142,206,50,200,55,300,
,250,142,204,50,200,55,295,
,252,145,198,48,205,60,290,
,253,147,198,48,205,55,295,
,251,144,204,50,205,60,300,
,252,143,205,50,205,55,300,
,250,143,205,50,205,50,300,
,251,142,204,50,205,50,300,
,252,143,203,50,205,55,300,
,250,141,206,50,200,50,305,
,250,138,209,51,205,55,290,
,251,139,205,50,200,50,310,
,251,142,203,50,205,55,305,
,249,145,208,51,200,55,305,
,252,150,202,49,205,55,310,
,254,155,203,50,210,70,295,
,256,160,196,48,210,75,300,
,254,163,204,50,205,70,310,
,251,165,213,52,210,80,305,
,255,169,206,50,210,85,305,
,255,174,213,52,210,85,305,
,256,178,216,53,210,85,305,
,255,185,219,54,210,95,310,
,260,190,209,51,215,100,305,
,262,192,210,51,215,100,310,
,260,195,216,53,215,100,310,
,259,196,219,53,220,110,300,
,258,198,219,54,225,110,300,
,262,202,211,52,215,105,320,
,260,203,215,53,210,105,320,
,262,206,213,52,220,115,310,
,264,209,210,51,215,110,315,
,263,212,210,51,215,110,320,
,263,216,216,53,220,125,305,
,262,223,217,53,220,125,315,
,261,227,218,53,220,130,305,
,262,228,219,54,220,135,300,
,264,230,217,53,220,135,300,
,261,229,223,55,235,145,285,
,260,228,225,55,235,145,290,
,266,230,215,53,235,145,285,
,268,231,213,52,235,145,285,
,266,230,215,53,230,140,290,
,264,229,223,54,235,145,285,
,265,230,222,54,235,145,280,
,263,229,225,55,235,145,290,
,264,230,224,55,235,145,290,
,263,229,228,56,230,140,300,
,267,231,220,54,230,145,295,
,263,229,230,56,235,145,295,
,264,230,229,56,230,140,300,
,265,229,229,56,225,130,310,
,269,229,221,54,230,140,300,
,269,228,224,55,230,135,300,
,266,224,229,56,235,130,305,
,269,224,226,55,230,125,320,
,269,223,230,56,225,115,325,
,270,221,229,56,230,120,320,
,268,220,232,57,225,110,335,
,268,216,236,58,210,105,350,
,269,214,234,57,205,105,345,
,274,214,229,56,225,115,325,
,270,209,244,60,225,105,335,
,268,206,247,60,230,110,330,
,418,202,193,47,225,120,330,
,420,201,193,47,240,110,320,
,269,198,247,60,225,100,345,
,264,194,256,63,225,90,360,
,266,191,255,62,215,80,360,
,264,188,258,63,215,75,360,
,271,186,243,59,230,95,340,
,273,182,243,60,220,85,350,
,274,178,238,58,220,75,360,
,275,178,238,58,210,70,370,
,278,178,234,57,220,65,370,
,278,181,241,59,220,70,370,
,273,178,245,60,215,65,370,
,277,175,239,58,240,80,345,
,276,170,251,62,235,70,350,
,276,171,234,57,210,55,380,
,277,168,236,58,205,55,375,
,275,165,232,57,210,55,370,
,271,165,236,58,220,60,360,
,272,163,234,57,210,60,360,
,273,160,231,57,220,60,340,
,269,158,241,59,215,55,350,
,271,158,230,56,210,50,360,
,272,155,234,57,200,40,380,
,268,154,234,57,205,35,380,
,265,153,237,58,215,45,360,
,266,154,228,56,200,35,385,
,266,153,228,56,210,35,385,
,265,152,232,57,205,35,380,
,265,154,232,57,195,35,380,
,259,154,240,59,190,30,390,
,257,154,236,58,210,55,350,
,251,153,236,58,200,50,355,
,243,154,240,59,185,45,370,
,237,153,241,59,190,50,360,
,236,155,228,56,175,35,375,
,223,155,248,61,175,45,365,
,215,156,251,61,170,55,355,
,214,158,235,57,160,45,370,
,206,156,243,59,160,55,360,
,204,156,237,58,150,55,360,
,196,157,242,59,145,50,365,
,195,157,241,59,145,55,365,
,193,158,242,59,140,55,365,
,190,158,240,59,145,60,355,
,187,159,248,61,135,50,365,
,185,157,261,64,140,55,360,
,186,157,254,62,140,55,370,
,185,157,260,63,135,55,365,
,183,156,267,65,145,60,355,
,187,159,255,62,135,50,375,
,185,158,266,65,135,50,380,
,188,159,259,63,150,60,365,
,196,160,246,60,150,55,370,
,196,158,257,63,145,55,370,
,200,159,256,63,145,55,370,
,213,161,244,60,160,50,375,
,217,159,253,62,160,55,375,
,226,160,258,63,165,55,380,
,229,159,268,65,165,30,400,
,240,161,260,64,180,50,380,
,247,162,263,64,190,50,390,
,257,161,261,64,195,45,390,
,262,161,261,64,200,45,385,
,266,162,268,66,205,45,390,
,269,164,258,63,210,50,385,
,267,163,267,65,210,50,390,
,267,160,274,67,215,50,385,
,260,161,284,69,215,35,395,
,272,162,262,64,210,40,395,
,268,164,276,67,215,55,390,
,268,165,267,65,210,50,390,
,270,165,269,66,220,55,380,
,264,161,277,68,215,45,390,
,273,168,263,64,210,40,395,
,292,185,232,57,220,60,380,
,279,177,250,61,195,45,405,
,276,173,258,63,200,30,405,
,271,168,265,65,205,45,405,
,276,168,258,63,205,45,405,
,271,166,268,65,205,45,405,
,280,169,257,63,205,45,405,
,276,168,269,66,215,45,395,
,281,169,262,64,230,70,385,
,279,170,265,65,215,50,395,
,276,171,264,65,205,45,405,
,278,170,263,64,205,45,405,
,274,168,264,65,205,45,405,
,269,168,278,68,205,45,405,
,271,169,272,66,230,70,385,
,270,174,256,63,205,55,395,
,257,170,273,67,215,65,385,
,267,13,134,33,200,60,390,
,254,174,273,67,190,50,400,
,247,171,278,68,170,35,405,
,243,169,280,68,185,50,390,
,230,170,280,69,170,50,400,
,221,168,284,69,175,60,390,
,221,170,280,68,170,60,385,
,217,167,281,69,150,35,405,
,209,167,274,67,160,60,385,
,205,167,280,69,160,65,385,
,198,166,277,68,150,60,385,
,205,169,268,65,150,55,390,
,196,170,272,66,150,60,385,
,194,167,278,68,140,45,400,
,196,170,267,65,145,55,390,
,191,169,270,66,135,50,400,
,185,166,284,69,135,50,400,
,181,165,295,72,130,55,395,
,182,166,300,73,130,50,390,
,184,167,293,72,135,60,390,
,184,169,281,69,135,65,380,
,186,169,281,69,135,45,395,
,179,169,291,71,125,55,390,
,182,175,268,65,135,60,385,
,180,174,275,67,125,65,385,
,177,171,293,72,130,70,380,
,174,173,282,69,130,65,390,
,178,175,270,66,130,70,385,
,176,173,275,67,140,60,390,
,176,176,274,67,135,70,380,
,168,173,290,71,130,70,380,
,168,175,286,70,125,60,390,
,172,175,284,69,115,45,395,
,167,174,283,69,120,55,380,
,167,175,276,68,120,75,380,
,167,177,268,66,110,70,385,
,165,175,268,65,120,70,380,
,156,175,283,69,115,75,375,
,158,178,273,67,110,70,375,
,160,178,274,67,105,80,375,
,157,180,270,66,95,65,380,
,156,179,278,68,95,60,385,
,160,183,260,64,95,55,395,
,152,179,281,69,95,45,395,
,152,179,281,69,115,60,390,
,155,180,263,64,110,75,380,
,143,175,290,71,100,60,385,
,147,180,278,68,105,70,380,
,149,179,283,69,100,65,390,
,150,180,281,69,105,75,380,
,145,180,286,70,105,75,380,
,151,180,272,66,110,80,365,
,161,191,245,60,100,75,380,
,147,191,266,65,95,60,390,
,145,185,261,64,105,75,380,
,138,180,276,68,95,70,380,
,140,177,273,67,105,75,375,
,138,176,269,66,100,65,385,
,143,180,256,62,90,70,390,
,138,178,266,65,95,80,370,
,133,176,281,69,90,80,370,
,127,171,290,71,90,60,375,
,134,177,271,66,85,70,375,
,135,178,259,63,70,40,400,
,131,177,276,68,80,60,385,
,130,173,279,68,90,75,365,
,118,170,300,73,70,55,395,
,126,175,263,64,80,75,370,
,116,169,297,73,75,55,395,
,120,173,279,68,80,75,360,
,121,172,279,68,100,110,320,
,116,174,279,68,85,80,350,
,112,173,293,72,100,110,315,
,116,172,271,66,70,65,385,
,114,174,281,69,80,85,350,
,112,172,271,66,70,65,385,
,113,172,267,65,75,75,360,
,109,169,279,68,75,80,360,
,107,173,279,68,85,100,335,
,137,196,232,57,75,70,360,
,124,184,270,66,75,80,360,
,110,177,300,73,80,85,350,
,127,183,279,68,80,85,360,
,126,181,279,68,75,70,365,
,130,182,265,65,90,100,320,
,118,176,285,70,80,85,350,
,119,178,281,69,75,80,360,
,128,179,279,68,70,65,385,
,129,180,279,68,65,60,395,
,110,174,302,74,70,45,405,
,113,175,299,73,75,80,375,
,116,174,297,73,80,80,360,
,116,176,300,73,80,70,380,
,132,178,270,66,80,75,365,
,140,179,259,63,95,80,370,
,135,175,281,69,100,80,370,
,148,177,262,64,95,75,380,
,152,175,265,65,105,75,380,
,154,172,277,68,115,80,370,
,163,173,278,68,115,70,375,
,171,172,276,67,120,70,375,
,185,174,271,66,135,75,380,
,181,170,285,70,135,70,380,
,188,171,285,70,140,65,390,
,199,171,278,68,145,60,385,
,206,169,281,69,160,60,385,
,214,170,278,68,160,60,390,
,219,168,283,69,165,45,395,
,232,172,272,67,180,70,380,
,237,171,276,67,180,50,395,
,243,170,273,67,190,60,385,
,250,172,272,67,185,35,400,
,254,167,278,68,200,60,390,
,265,169,268,66,200,60,390,
,276,169,257,63,195,45,405,
,276,167,266,65,200,30,405,
,270,165,293,72,210,50,385,
,282,164,279,68,230,60,385,
,295,170,258,63,32767,0,0,
,292,170,276,68,240,60,385,
,297,165,290,71,260,70,360,
,306,169,276,68,255,85,360,
,301,166,273,67,260,70,360,
,284,164,295,72,260,80,360,
,288,164,280,68,230,60,385,
,279,163,284,69,225,60,390,
,279,165,268,66,225,60,380,
,282,166,259,63,215,60,380,
,275,166,272,67,200,35,405,
,270,165,279,68,210,45,395,
,278,168,266,65,200,60,395,
,278,166,261,64,210,50,395,
,280,166,265,65,205,40,395,
,275,162,284,69,215,55,380,
,280,164,268,65,225,60,380,
,277,163,275,67,230,60,380,
,277,164,275,67,230,60,385,
,278,165,280,68,210,50,395,
,278,164,275,67,215,50,395,
,281,164,269,66,225,60,390,
,278,162,269,66,220,60,390,
,272,161,297,73,215,60,395,
,278,161,272,66,225,70,375,
,273,157,291,71,210,50,395,
,275,158,287,70,215,65,390,
,274,159,284,69,210,50,395,
,274,158,291,71,205,45,405,
,271,157,295,72,230,65,375,
,274,157,293,72,210,50,395,
,278,160,279,68,200,30,410,
,278,160,279,68,185,15,430,
,286,164,269,66,215,60,395,
,290,175,260,64,230,65,380,
,291,174,268,66,225,60,385,
,280,162,285,70,225,60,385,
,286,166,271,66,200,35,405,
,284,164,279,68,200,30,410,
,284,163,273,67,220,50,395,
,282,163,284,69,210,50,395,
,277,164,292,71,200,45,405,
,285,164,270,66,210,50,395,
,285,162,267,65,205,30,405,
,286,163,280,68,230,65,385,
,290,162,270,66,210,30,400,
,292,164,267,65,205,35,405,
,283,161,281,69,225,55,385,
,290,163,266,65,230,50,385,
,291,162,265,65,230,55,380,
,276,158,291,71,250,75,360,
,282,161,268,65,240,65,370,
,290,162,257,63,245,75,360,
,286,162,269,66,245,75,360,
,288,158,267,65,235,55,375,
,285,155,260,64,240,60,360,
,279,147,268,65,230,55,360,
,284,145,247,60,225,50,360,
,290,144,240,59,220,40,370,
,280,142,249,61,240,50,340,
,280,146,245,60,235,55,340,
,283,153,235,58,230,45,355,
,287,159,233,57,210,45,370,
,285,162,236,58,230,60,340,
,286,166,233,57,230,65,340,
,285,168,240,59,220,60,360,
,283,171,240,59,220,60,360,
,281,173,242,59,225,70,350,
,285,177,237,58,225,70,350,
,283,180,240,59,235,80,345,
,286,182,237,58,230,70,360,
,283,184,247,60,220,65,370,
,282,187,255,62,240,80,345,
,288,191,242,59,245,95,330,
,284,193,249,61,240,90,350,
,286,196,247,61,235,90,355,
,290,200,246,60,240,100,345,
,286,203,255,62,250,115,325,
,288,202,255,62,250,110,335,
,295,204,250,61,250,100,340,
,293,203,256,63,250,105,335,
,291,203,258,63,240,100,350,
,297,205,248,61,240,105,340,
,299,204,244,60,245,100,345,
,293,203,260,64,245,100,345,
,300,205,245,60,250,100,345,
,299,208,245,60,255,105,335,
,301,208,243,59,260,100,340,
,298,208,247,60,255,100,345,
,298,208,251,61,240,100,360,
,296,208,250,61,250,100,360,
,293,205,258,63,260,105,330,
,293,204,254,62,240,90,360,
,295,202,253,62,235,95,360,
,293,199,254,62,250,100,340,
,294,196,254,62,240,95,360,
,294,197,249,61,240,95,360,
,293,197,242,59,245,100,340,
,290,192,248,61,245,100,335,
,285,183,251,61,240,85,340,
,292,179,238,58,240,85,335,
,294,173,236,58,245,85,335,
,287,166,246,60,235,70,350,
,288,162,241,59,245,70,340,
,292,162,230,56,245,75,330,
,291,159,230,56,245,70,340,
,283,155,239,59,220,40,380,
,284,153,241,59,225,50,360,
,287,153,236,58,235,60,350,
,279,151,250,61,235,60,350,
,283,149,240,59,235,60,340,
,277,147,236,58,225,60,350,
,281,146,234,57,220,55,360,
,281,146,239,59,225,55,350,
,274,144,241,59,215,45,365,
,273,143,250,61,210,40,375,
,270,139,260,63,225,50,355,
,275,138,248,61,225,45,360,
,278,139,246,60,220,45,360,
,281,141,234,57,225,40,370,
,272,140,253,62,225,40,360,
,276,139,242,59,215,35,380,
,275,139,254,62,215,40,375,
,279,140,246,60,235,55,355,
,273,144,251,61,225,50,360,
,274,149,258,63,230,50,360,
,284,152,242,59,230,45,365,
,286,150,245,60,230,45,365,
,283,149,246,60,230,55,360,
,284,148,248,61,230,50,360,
,284,149,241,59,230,45,360,
,282,149,249,61,225,40,375,
,279,150,243,59,225,50,365,
,276,149,242,59,225,50,365,
,269,149,252,62,230,55,355,
,152,30,134,33,215,45,370,
,266,152,248,61,210,55,360,
,259,15,134,33,205,45,375,
,258,154,242,59,195,45,380,
,253,153,257,63,195,50,370,
,250,155,246,60,190,45,375,
,247,156,244,60,190,45,375,
,239,153,260,63,180,40,380,
,234,156,260,63,180,50,375,
,230,155,263,64,185,55,365,
,224,159,263,64,185,55,370,
,230,158,256,63,180,60,360,
,226,159,260,64,185,55,370,
,223,158,264,65,185,65,360,
,219,160,268,66,185,70,355,
,222,165,251,61,170,65,370,
,218,164,248,61,165,55,380,
,210,164,251,61,150,45,385,
,201,166,253,62,150,50,380,
,197,164,264,65,150,60,375,
,195,164,253,62,135,55,380,
,189,165,255,62,135,55,380,
,180,166,254,62,130,60,375,
,184,175,234,57,115,50,390,
,174,178,246,60,120,65,370,
,172,175,249,61,110,60,370,
,162,175,250,61,110,65,370,
,159,176,243,59,110,70,370,
,152,175,244,60,100,70,360,
,145,175,260,64,90,65,370,
,144,178,240,59,100,75,365,
,140,175,247,60,95,70,370,
,137,175,255,62,90,70,370,
,140,177,247,60,95,80,360,
,139,176,256,63,90,80,360,
,138,175,247,60,95,80,355,
,138,177,260,64,90,70,365,
,134,178,261,64,100,85,355,
,143,179,251,61,90,80,360,
,149,183,224,55,90,75,365,
,142,180,263,64,90,70,370,
,142,178,270,66,90,70,370,
,147,183,243,59,85,75,375,
,148,186,212,52,90,75,365,
,147,182,235,57,95,80,360,
,137,182,246,60,85,70,370,
,133,180,279,68,90,70,370,
,144,185,219,54,90,80,360,
,144,185,226,55,70,60,375,
,134,182,242,59,80,70,370,
,128,181,258,63,70,60,380,
,125,180,260,64,75,75,375,
,129,186,243,59,70,75,370,
,122,177,279,68,70,70,380,
,129,187,239,58,75,80,370,
,139,191,200,49,75,70,380,
,130,192,222,54,75,85,360,
,137,192,210,51,75,85,355,
,116,180,279,68,75,80,370,
,125,190,248,61,75,85,355,
,131,192,217,53,70,80,370,
,133,194,209,51,75,85,360,
,126,190,237,58,75,85,360,
,127,191,232,57,75,80,370,
,129,195,215,53,80,85,360,
,96,198,212,52,40,95,360,
,101,198,232,57,55,110,340,
,99,198,232,57,50,100,350,
,112,199,201,49,50,90,360,
,115,199,185,45,50,90,360,
,98,186,249,61,50,85,360,
,103,190,234,57,50,90,355,
,113,197,206,50,55,100,345,
,106,189,243,60,50,95,350,
,98,184,279,68,55,100,340,
,82,180,297,73,60,110,335,
,93,186,263,65,60,95,350,
,108,181,251,61,60,100,360,
,99,180,269,66,65,105,330,
,108,181,267,65,55,75,370,
,118,188,231,56,55,65,380,
,112,184,258,63,60,70,380,
,111,180,274,67,65,75,360,
,112,178,271,66,60,80,360,
,114,180,279,68,70,70,370,
,123,180,258,63,75,80,360,
,130,181,254,62,75,80,360,
,131,178,260,64,80,75,370,
,141,180,251,61,90,75,365,
,144,176,260,64,90,65,380,
,152,175,256,63,95,65,375,
,153,177,256,63,100,60,380,
,156,177,261,64,95,65,380,
,154,177,266,65,100,70,375,
,154,180,261,64,100,70,375,
,156,185,252,62,100,75,375,
,153,187,264,64,105,80,375,
,149,190,262,64,100,80,370,
,149,193,262,64,100,85,370,
,152,195,252,62,105,100,360,
,147,196,258,63,95,80,370,
,147,193,266,65,105,95,360,
,145,194,261,64,100,90,360,
,142,192,267,65,105,95,360,
,143,192,259,63,105,90,360,
,146,192,259,63,105,95,360,
,144,190,263,64,105,100,360,
,145,188,267,65,110,90,360,
,152,187,262,64,100,80,370,
,157,187,243,59,105,80,375,
,153,181,265,65,110,90,355,
,157,182,266,65,100,75,375,
,162,181,255,62,105,70,375,
,165,177,265,65,115,65,380,
,170,177,254,62,120,65,375,
,173,171,264,64,130,80,360,
,179,168,259,63,130,70,360,
,183,166,259,63,120,50,385,
,190,165,257,63,135,60,370,
,189,161,260,64,140,50,380,
,196,159,256,63,145,55,370,
,202,158,253,62,140,50,375,
,209,155,247,60,160,55,360,
,213,153,248,61,160,50,365,
,220,152,251,61,165,50,370,
,232,153,246,60,180,55,365,
,237,152,253,62,180,45,380,
,249,154,244,60,190,50,365,
,257,155,252,62,190,35,390,
,266,154,250,61,220,55,355,
,278,155,250,61,220,45,375,
,287,155,244,60,235,50,360,
,285,153,259,63,235,55,360,
,292,155,248,61,235,60,360,
,305,158,236,58,250,65,340,
,299,157,252,62,255,65,360,
,308,158,245,60,255,70,350,
,309,158,249,61,260,55,360,
,315,160,245,60,270,70,340,
,311,157,246,60,270,60,340,
,308,155,252,62,275,70,335,
,315,161,241,59,260,70,350,
,308,159,249,61,270,70,350,
,304,159,252,62,245,60,370,
,302,158,254,62,265,80,345,
,304,156,256,62,245,60,370,
,296,152,259,63,250,55,355,
,300,147,254,62,255,60,345,
,300,142,250,61,250,50,355,
,302,141,251,61,240,40,365,
,304,141,241,59,250,50,355,
,298,137,244,60,250,50,345,
,293,135,249,61,245,35,360,
,287,132,256,62,245,35,350,
,297,131,240,59,245,35,355,
,302,130,238,58,245,35,345,
,301,130,235,57,255,30,350,
,303,129,235,57,255,30,350,
,298,125,243,59,255,30,345,
,298,125,241,59,250,20,345,
,305,126,229,56,260,30,335,
,294,120,241,59,255,25,335,
,303,121,230,56,250,15,345,
,299,120,238,58,255,20,345,
,302,119,234,57,250,20,345,
,302,118,230,56,245,20,345,
,300,118,233,57,235,15,350,
,293,116,241,59,250,15,340,
,291,115,246,60,240,10,360,
,300,116,233,57,235,10,360,
,297,116,235,58,235,10,360,
,293,115,241,59,240,10,350,
,295,114,241,59,245,15,345,
,295,115,236,58,245,15,340,
,296,115,237,58,240,10,350,
,302,120,231,57,240,15,345,
,305,126,223,55,240,15,345,
,308,126,224,55,240,20,350,
,308,127,227,56,250,20,345,
,305,126,230,56,245,20,345,
,299,126,240,59,255,25,335,
,294,127,243,59,250,30,340,
,291,127,237,58,240,25,340,
,276,126,248,61,235,20,345,
,272,128,246,60,225,30,340,
,260,129,253,62,220,30,335,
,249,132,249,61,200,30,355,
,239,136,252,62,195,35,350,
,225,136,257,63,180,30,360,
,221,138,254,62,165,35,360,
,208,136,256,63,165,40,355,
,202,141,257,63,160,50,345,
,197,142,253,62,150,45,360,
,192,145,254,62,140,40,375,
,185,143,255,62,135,45,370,
,179,146,258,63,125,40,375,
,176,149,254,62,120,50,370,
,169,151,250,61,115,50,375,
,162,153,251,61,110,50,375,
,159,156,246,60,100,50,375,
,148,156,237,58,100,60,360,
,129,147,290,71,90,50,375,
,128,149,279,68,80,45,390,
,136,166,193,47,75,50,380,
,123,158,232,57,75,55,370,
,117,157,232,57,65,45,380,
,108,167,193,47,45,55,375,
,104,169,193,47,40,55,375,
,95,163,219,54,40,55,375,
,87,161,234,57,40,55,370,
,85,158,232,57,40,65,355,
,86,162,221,54,35,55,375,
,89,166,193,47,35,55,370,
,79,162,232,57,40,70,340,
,79,162,232,57,30,50,380,
,86,168,193,47,20,45,385,
,80,162,232,57,20,50,380,
,80,162,232,57,20,45,385,
,79,163,232,57,20,45,390,
,81,163,232,57,20,55,380,
,79,161,232,57,20,45,390,
,80,162,232,57,20,45,385,
,81,164,232,57,20,45,385,
,83,160,232,57,20,45,385,
,81,161,232,57,20,35,395,
,81,161,241,59,25,45,385,
,83,162,232,57,25,50,385,
,84,162,232,57,30,55,380,
,85,158,232,57,35,65,360,
,86,162,232,57,40,60,360,
,85,159,245,60,30,45,385,
,89,161,232,57,40,60,370,
,108,171,213,52,50,70,360,
,116,166,237,58,60,55,370,
,120,160,265,65,75,55,370,
,129,158,259,63,80,60,360,
,140,159,252,62,95,60,360,
,147,157,253,62,100,50,370,
,153,156,256,63,110,55,365,
,165,152,256,62,120,55,370,
,164,156,261,64,120,55,370,
,176,154,252,62,130,55,365,
,185,157,252,62,130,45,375,
,182,156,263,64,145,55,360,
,189,155,257,63,140,50,370,
,191,158,258,63,140,50,380,
,198,156,266,65,160,55,365,
,201,155,269,66,160,50,380,
,218,156,256,63,170,50,370,
,225,156,252,62,180,50,375,
,231,155,259,63,185,50,375,
,241,154,263,64,195,55,370,
,247,154,262,64,200,45,385,
,257,156,253,62,215,50,375,
,270,155,247,60,215,45,380,
,274,154,251,61,220,50,370,
,281,151,261,64,225,55,375,
,292,155,259,63,235,65,360,
,303,155,250,61,250,50,370,
,311,153,248,61,260,60,360,
,323,155,243,60,260,60,360,
,335,152,242,59,265,60,360,
,353,156,232,57,32767,0,0,
,337,143,245,60,265,50,360,
,334,143,238,58,265,40,360,
,333,141,239,59,280,50,345,
,332,142,234,57,270,50,345,
,321,139,246,60,270,55,345,
,322,140,236,58,260,40,360,
,322,140,234,57,260,40,360,
,327,141,222,54,275,45,345,
,313,138,237,58,265,45,350,
,324,138,232,57,260,45,355,
,311,136,246,60,270,45,350,
,307,135,252,62,260,30,360,
,304,132,253,62,270,45,330,
,309,132,242,59,255,35,350,
,302,131,243,59,260,40,340,
,290,127,254,62,260,40,330,
,288,124,248,61,255,30,345,
,289,122,239,58,255,30,330,
,291,121,236,58,250,25,330,
,287,121,236,58,245,25,335,
,284,120,233,57,240,25,335,
,277,119,240,59,245,30,330,
,275,120,240,59,235,30,330,
,271,119,240,59,235,25,335,
,270,122,233,57,225,25,335,
,267,123,232,57,235,45,310,
,266,122,232,57,235,40,310,
,266,125,231,57,220,35,330,
,270,124,224,55,215,35,330,
,264,124,229,56,225,40,310,
,270,133,210,51,225,40,310,
,270,133,204,50,225,45,300,
,268,129,199,49,215,30,315,
,267,125,195,48,220,40,295,
,260,123,199,49,215,35,295,
,261,123,191,47,215,40,285,
,255,123,191,47,215,40,270,
,257,123,178,43,210,40,270,
,250,122,182,44,215,45,260,
,254,125,169,41,215,50,250,
,253,125,167,41,215,50,240,
,256,126,159,39,215,50,235,
,259,125,154,38,225,50,225,
,259,124,152,37,225,50,220,
,260,124,153,37,225,50,220,
,264,126,146,36,225,50,220,
,264,127,148,36,230,55,215,
,264,128,148,36,230,60,210,
,264,130,147,36,230,60,215,
,265,131,142,35,230,60,210,
,266,132,142,35,230,65,210,
,267,134,136,34,230,60,210,
,261,136,139,34,230,65,210,
,262,139,134,33,225,70,210,
,259,142,134,33,225,70,210,
,257,147,134,33,225,75,205,
,258,149,134,33,225,80,210,
,260,151,134,33,225,80,210,
,256,142,143,35,220,80,205,
,260,150,134,33,225,90,195,
,261,156,134,33,230,95,195,
,262,160,134,33,230,95,200,
,265,163,134,33,235,100,205,
,268,165,134,33,235,100,195,
,270,164,134,33,240,100,195,
,274,165,134,33,240,100,200,
,274,166,134,33,245,100,195,
,274,169,134,33,240,100,205,
,276,171,137,34,245,105,200,
,274,173,140,34,250,110,200,
,272,176,141,35,245,110,195,
,270,181,137,34,240,120,200,
,272,189,134,33,240,125,200,
,268,194,134,33,240,125,195,
,268,197,136,33,245,135,195,
,267,200,139,34,240,135,200,
,267,202,139,34,240,135,205,
,267,206,144,35,240,140,205,
,270,211,146,36,245,150,200,
,273,215,146,36,245,150,200,
,278,219,144,35,255,155,200,
,282,221,143,35,255,155,200,
,285,224,144,35,260,160,195,
,291,227,141,35,265,165,200,
,295,230,141,35,260,160,210,
,296,238,144,35,260,175,200,
,298,250,139,34,270,190,195,
,300,260,140,34,270,190,200,
,300,263,143,35,270,200,195,
,300,264,142,35,270,195,200,
,302,262,141,35,270,200,190,
,300,261,143,35,275,195,195,
,302,258,143,35,270,190,200,
,301,258,143,35,270,190,200,
,301,260,144,35,270,195,200,
,302,261,144,35,275,195,200,
,303,260,143,35,270,195,205,
,303,259,145,36,265,190,210,
,302,259,145,35,260,190,220,
,303,261,142,35,265,190,215,
,303,259,141,35,260,185,225,
,302,257,145,35,270,190,210,
,300,254,150,37,270,185,205,
,302,256,148,36,270,190,210,
,304,259,149,36,270,190,220,
,304,264,153,37,270,190,225,
,306,270,154,37,270,200,225,
,308,276,154,38,270,205,220,
,308,281,156,38,270,215,225,
,308,286,158,39,275,220,220,
,310,291,153,37,275,220,225,
,308,293,158,38,270,220,225,
,310,293,155,38,275,225,225,
,310,290,156,38,270,220,225,
,309,288,159,39,275,220,225,
,311,286,155,38,275,220,220,
,309,284,156,38,275,215,220,
,311,284,152,37,275,215,215,
,306,278,157,38,275,210,220,
,307,272,154,38,275,200,220,
,304,265,156,38,275,195,220,
,303,256,153,37,270,190,220,
,302,248,153,37,265,180,220,
,304,243,147,36,265,170,220,
,299,233,149,36,265,160,220,
,301,223,142,35,265,155,215,
,299,215,140,34,265,145,210,
,296,210,142,35,260,140,215,
,297,205,134,33,260,135,205,
,294,202,136,34,255,130,210,
,294,201,134,33,260,130,205,
,293,199,137,34,255,125,205,
,292,198,134,33,260,130,200,
,292,195,134,33,260,130,200,
,290,193,136,34,260,130,200,
,291,191,134,33,260,125,200,
,290,188,134,33,265,125,195,
,290,187,134,33,260,120,195,
,290,184,134,33,260,120,195,
,290,184,134,33,260,120,195,
,289,181,134,33,260,120,195,
,288,177,134,33,260,115,195,
,288,174,134,33,265,110,195,
,290,170,134,33,260,105,190,
,286,166,134,33,260,105,190,
,285,163,134,33,260,105,190,
,282,156,134,33,255,90,195,
,280,153,134,33,255,90,195,
,280,150,134,33,250,85,200,
,279,144,134,33,250,80,195,
,277,138,134,33,250,75,195,
,277,136,134,33,245,65,200,
,275,133,134,33,245,65,200,
,276,131,134,33,250,65,195,
,275,129,134,33,245,60,195,
,274,125,134,33,245,55,200,
,276,124,134,33,250,55,195,
,276,118,134,33,245,50,195,
,276,115,134,33,245,45,200,
,275,113,134,33,245,45,200,
,277,111,134,33,245,45,200,
,275,109,136,34,245,40,210,
,277,109,137,34,240,40,210,
,276,109,138,34,235,35,215,
,277,109,142,35,240,35,210,
,278,110,134,33,240,40,210,
,275,110,144,35,245,40,205,
,277,113,139,34,245,40,205,
,277,116,139,34,250,40,205,
,275,118,138,34,245,45,205,
,273,119,143,35,250,50,200,
,272,119,146,36,245,50,205,
,279,122,139,34,255,60,195,
,279,122,141,34,250,55,200,
,278,124,145,36,255,55,200,
,283,127,139,34,255,60,195,
,280,128,141,34,250,55,205,
,279,128,146,36,255,60,195,
,282,128,141,34,250,55,205,
,282,125,143,35,250,55,210,
,278,125,149,36,245,50,215,
,277,122,153,37,250,55,200,
,280,126,142,35,250,55,205,
,280,126,141,35,250,55,205,
,280,125,143,35,250,55,205,
,276,126,146,36,245,55,210,
,276,124,145,35,250,55,205,
,275,123,148,36,245,55,210,
,280,123,140,34,245,50,205,
,277,123,144,35,245,50,205,
,278,120,144,35,245,50,210,
,277,117,145,36,250,50,205,
,278,115,142,35,250,50,200,
,278,114,145,36,250,45,200,
,279,114,144,35,250,45,200,
,278,112,143,35,250,45,205,
,276,112,145,35,245,40,210,
,276,112,144,35,245,45,205,
,274,113,145,35,240,40,210,
,274,114,143,35,245,45,205,
,271,115,147,36,235,45,210,
,269,115,142,35,235,50,205,
,267,116,143,35,235,50,205,
,266,120,140,34,230,50,210,
,258,120,150,37,230,50,210,
,263,125,140,34,225,50,210,
,260,126,142,35,225,55,215,
,259,126,140,34,220,50,220,
,256,126,141,35,220,55,220,
,256,127,141,35,215,55,215,
,253,128,141,35,215,55,215,
,249,127,144,35,215,60,215,
,249,127,142,35,215,60,210,
,246,127,145,35,215,60,210,
,246,127,143,35,210,55,215,
,247,128,141,35,210,55,215,
,244,125,146,36,210,55,215,
,247,128,143,35,210,55,215,
,247,126,143,35,215,60,210,
,246,126,143,35,215,55,210,
,248,126,145,35,215,55,210,
,251,126,141,34,215,55,210,
,251,124,144,35,215,50,215,
,252,124,141,35,215,55,210,
,253,124,142,35,215,50,215,
,254,124,142,35,220,50,215,
,253,126,142,35,215,50,215,
,252,124,143,35,210,50,215,
,254,126,136,33,215,50,215,
,252,126,136,33,215,55,210,
,247,126,140,34,210,50,215,
,246,125,141,34,210,50,215,
,244,123,142,35,205,50,220,
,244,124,141,34,205,50,215,
,243,126,138,34,200,50,215,
,240,125,144,35,205,50,215,
,240,125,144,35,200,50,215,
,239,124,141,35,200,50,215,
,239,125,139,34,200,50,215,
,239,125,143,35,200,50,215,
,238,125,142,35,200,50,220,
,240,126,139,34,200,55,215,
,240,125,143,35,205,55,215,
,242,125,141,34,205,55,210,
,238,125,148,36,200,55,215,
,239,127,146,36,200,55,215,
,239,125,145,35,205,60,215,
,242,126,139,34,205,55,210,
,239,125,144,35,200,55,220,
,240,126,142,35,200,50,220,
,237,124,149,36,205,55,210,
,237,124,148,36,200,55,215,
,238,125,145,35,200,55,220,
,239,126,146,36,205,55,215,
,241,127,141,34,205,60,210,
,241,127,143,35,205,60,210,
,243,130,141,34,205,60,210,
,243,130,142,35,205,60,210,
,242,129,140,34,210,60,210,
,243,129,142,35,210,60,210,
,243,129,143,35,210,60,205,
,242,128,147,36,210,60,210,
,244,127,144,35,205,55,215,
,244,126,145,36,210,60,210,
,244,126,144,35,210,60,210,
,245,126,145,35,210,60,210,
,246,127,143,35,210,55,215,
,248,129,143,35,215,55,210,
,249,128,143,35,215,55,215,
,249,126,143,35,210,55,215,
,247,126,143,35,215,55,210,
,247,124,146,36,210,55,210,
,248,123,143,35,215,55,210,
,244,119,147,36,215,50,210,
,244,118,145,36,210,45,215,
,242,117,145,36,210,50,215,
,238,115,148,36,210,45,210,
,236,115,146,36,195,45,225,
,233,114,147,36,200,45,220,
,232,114,143,35,195,40,215,
,227,113,144,35,190,45,215,
,223,113,144,35,180,40,220,
,218,114,144,35,180,45,210,
,215,114,134,33,175,45,210,
,162,110,156,38,130,35,220,
,168,110,148,36,130,35,220,
,168,107,149,36,130,35,220,
,172,109,148,36,130,30,225,
,173,108,148,36,140,30,225,
,179,108,139,34,140,35,220,
,180,109,138,34,145,35,220,
,178,108,141,34,140,35,220,
,182,109,134,33,140,30,220,
,181,108,134,33,140,30,225,
,171,109,149,36,135,30,225,
,174,106,134,33,130,35,220,
,168,114,154,38,130,35,220,
,166,109,152,37,130,35,225,
,168,110,142,35,130,35,225,
,172,111,142,35,130,30,225,
,173,108,146,36,140,35,215,
,179,109,134,33,140,30,220,
,181,106,148,36,145,35,220,
,187,106,144,35,150,30,225,
,191,105,151,37,155,30,225,
,201,106,146,36,160,30,220,
,207,105,148,36,170,30,225,
,215,105,148,36,175,30,220,
,222,104,148,36,180,30,220,
,230,105,146,36,190,30,225,
,237,104,147,36,200,35,220,
,243,104,147,36,200,30,225,
,250,104,145,35,215,35,215,
,262,106,138,34,220,35,220,
,268,105,138,34,230,30,215,
,275,104,142,35,235,35,215,
,286,106,134,33,240,35,215,
,286,103,147,36,245,35,215,
,297,105,134,33,250,35,215,
,303,102,148,36,260,30,215,
,308,102,150,37,265,35,215,
,320,98,161,39,285,35,215,
,317,98,161,39,280,30,220,
,315,98,161,39,280,30,220,
,314,96,161,39,280,35,215,
,312,104,134,33,270,35,215,
,306,101,144,35,270,35,210,
,308,103,134,33,265,35,210,
,304,102,141,34,265,30,215,
,303,100,143,35,265,35,215,
,303,101,142,35,260,30,215,
,303,102,137,34,265,30,215,
,306,103,134,33,265,35,215,
,308,104,134,33,265,30,215,
,312,103,134,33,270,35,215,
,311,101,146,36,275,30,215,
,313,100,149,36,275,35,215,
,313,97,161,39,275,35,215,
,322,102,134,33,275,30,220,
,326,101,134,33,280,35,220,
,329,102,134,33,285,35,215,
,319,97,161,39,280,35,220,
,317,95,161,39,280,30,220,
,314,96,161,39,280,30,215,
,314,98,152,37,275,30,220,
,306,98,161,39,270,30,215,
,304,99,146,36,265,30,215,
,301,103,134,33,260,30,215,
,293,102,141,34,255,30,220,
,285,102,146,36,245,30,215,
,280,101,146,36,240,30,220,
,272,101,153,37,240,35,215,
,265,102,153,37,230,30,220,
,261,102,152,37,230,30,215,
,258,103,148,36,225,30,220,
,252,103,148,36,215,30,220,
,247,103,148,36,215,30,220,
,244,102,146,36,205,30,220,
,236,101,151,37,200,25,225,
,231,101,149,36,190,25,225,
,226,101,149,36,190,25,225,
,221,102,152,37,180,30,230,
,219,103,150,37,180,30,230,
,218,104,151,37,180,30,225,
,216,104,153,37,175,30,230,
,214,103,154,37,175,30,230,
,212,102,155,38,175,30,230,
,212,103,154,38,170,30,230,
,214,103,151,37,170,30,230,
,209,103,158,38,175,30,225,
,209,102,157,38,175,30,230,
,211,103,156,38,170,30,230,
,205,103,161,39,170,30,235,
,205,103,160,39,170,30,235,
,202,105,160,39,165,30,235,
,199,105,158,39,155,30,240,
,193,106,161,39,155,35,235,
,190,107,157,38,150,35,235,
,184,106,158,38,140,30,245,
,181,108,148,36,135,25,255,
,171,106,157,38,130,30,240,
,166,108,158,38,125,30,245,
,157,107,167,41,120,30,240,
,155,110,162,39,120,35,235,
,152,109,152,37,115,35,230,
,151,112,155,38,110,35,230,
,152,112,134,33,110,35,230,
,146,116,134,33,110,35,230,
,137,106,161,39,105,35,230,
,135,106,161,39,100,30,230,
,132,109,154,38,100,30,225,
,131,109,161,39,95,35,230,
,129,104,161,39,100,35,220,
,129,106,161,39,100,35,220,
,133,108,152,37,90,30,240,
,127,111,161,39,95,40,225,
,137,114,161,39,100,30,235,
,140,105,161,39,110,35,220,
,152,105,154,38,120,35,225,
,166,105,161,39,130,35,225,
,183,88,152,37,145,15,225,
,186,87,152,37,150,15,225,
,189,90,150,37,150,10,230,
,192,86,151,37,160,20,220,
,196,90,149,36,160,20,220,
,201,91,147,36,165,20,220,
,205,92,147,36,165,20,225,
,212,94,148,36,170,20,225,
,215,93,152,37,180,20,225,
,221,94,153,37,180,20,230,
,230,94,151,37,185,20,225,
,237,94,150,36,195,20,225,
,243,94,150,37,200,25,225,
,250,95,149,36,210,20,220,
,255,95,150,37,215,20,220,
,259,94,156,38,220,20,225,
,261,93,160,39,220,20,225,
,267,93,157,38,230,25,225,
,270,93,157,38,235,20,225,
,277,95,148,36,235,20,225,
,277,93,152,37,235,20,225,
,282,94,149,36,240,20,225,
,285,94,145,35,240,20,225,
,283,91,153,37,245,25,220,
,283,93,153,37,245,20,220,
,288,94,146,36,250,20,220,
,289,95,145,35,245,20,225,
,289,95,146,36,245,25,225,
,288,93,150,37,250,25,225,
,291,96,144,35,250,20,220,
,291,97,143,35,250,20,220,
,293,96,140,34,250,20,220,
,291,95,144,35,250,20,225,
,291,96,144,35,250,20,220,
,291,96,143,35,250,25,225,
,288,93,150,37,250,25,220,
,289,96,144,35,250,25,220,
,289,94,149,36,250,20,220,
,288,95,147,36,250,25,220,
,288,93,149,36,245,20,220,
,288,95,144,35,245,25,225,
,289,93,145,35,250,25,220,
,289,95,142,35,250,25,220,
,284,92,154,38,250,25,215,
,290,95,142,35,250,20,220,
,291,95,141,35,250,20,220,
,292,96,134,33,250,25,220,
,288,93,145,35,250,20,220,
,287,92,145,36,250,20,220,
,286,95,139,34,245,20,215,
,278,93,153,37,245,20,215,
,278,93,148,36,240,20,225,
,271,92,155,38,235,20,225,
,269,92,158,38,235,20,225,
,268,92,153,37,230,20,220,
,263,92,156,38,225,20,225,
,261,92,155,38,225,20,215,
,256,92,160,39,225,20,220,
,256,93,154,38,215,20,230,
,256,94,150,37,215,20,225,
,256,95,147,36,210,20,225,
,252,94,153,37,210,20,230,
,251,95,151,37,210,20,230,
,253,95,148,36,210,20,225,
,252,94,149,36,215,20,225,
,253,94,146,36,210,20,230,
,253,95,151,37,210,20,230,
,255,95,148,36,210,20,225,
,256,94,148,36,215,20,230,
,255,94,154,37,210,20,230,
,256,93,152,37,215,20,230,
,258,93,152,37,215,20,230,
,258,94,153,37,220,20,220,
,257,92,158,39,220,20,220,
,259,92,155,38,220,20,225,
,260,92,155,38,225,20,220,
,259,91,160,39,220,20,220,
,260,92,160,39,225,20,225,
,262,92,157,38,225,20,220,
,260,92,160,39,225,25,225,
,263,93,157,38,225,20,225,
,263,92,158,39,225,20,230,
,263,93,160,39,230,25,225,
,266,94,159,39,230,25,225,
,264,93,163,40,230,20,230,
,266,94,161,39,230,25,230,
,267,94,161,39,230,25,220,
,268,95,162,40,235,30,220,
,269,97,160,39,230,25,230,
,268,98,163,40,235,30,230,
,269,103,161,39,235,35,230,
,269,107,161,39,230,35,235,
,269,109,161,39,230,40,235,
,268,110,162,40,225,35,245,
,264,110,168,41,225,35,245,
,261,109,174,42,220,35,255,
,260,111,174,42,220,35,250,
,255,110,179,44,215,35,255,
,254,111,180,44,210,35,260,
,251,112,180,44,210,35,260,
,251,114,177,43,210,40,255,
,248,113,183,45,215,40,250,
,250,113,179,44,210,40,255,
,248,113,180,44,215,45,250,
,248,111,181,44,210,40,255,
,251,112,176,43,205,35,260,
,254,110,175,43,210,35,255,
,251,107,182,44,210,35,260,
,251,107,183,45,215,35,255,
,257,108,176,43,210,35,265,
,256,108,178,43,215,35,255,
,257,107,179,44,220,40,250,
,256,106,181,44,225,40,245,
,258,105,176,43,220,40,245,
,259,106,173,42,215,35,255,
,257,104,181,44,215,30,260,
,264,104,175,43,220,30,260,
,268,105,176,43,225,30,255,
,273,102,176,43,225,25,260,
,285,103,169,41,230,20,270,
,292,103,168,41,245,30,255,
,300,105,165,40,250,25,260,
,307,105,166,40,260,30,255,
,315,106,161,39,265,30,255,
,318,105,166,40,265,20,260,
,324,105,167,41,270,25,260,
,331,106,164,40,280,30,255,
,330,104,170,41,280,25,255,
,343,107,156,38,280,20,270,
,342,106,165,40,290,25,260,
,348,108,161,39,285,25,270,
,347,106,165,40,285,25,270,
,355,108,156,38,290,25,265,
,354,108,162,39,295,30,260,
,356,110,162,40,300,25,265,
,358,107,162,39,295,20,270,
,360,107,164,40,300,30,265,
,366,107,161,39,305,30,260,
,367,107,162,40,310,30,260,
,371,109,160,39,305,20,275,
,381,111,148,36,315,25,260,
,382,114,148,36,315,30,255,
,389,114,139,34,315,25,265,
,386,113,150,37,315,20,265,
,396,119,134,33,320,25,260,
,398,118,134,33,320,25,260,
,384,111,160,39,325,30,255,
,393,120,143,35,315,20,270,
,398,120,134,33,320,25,265,
,382,113,162,39,315,25,265,
,378,108,166,40,315,25,265,
,374,105,171,42,315,25,265,
,374,108,162,40,315,25,265,
,372,110,159,39,305,25,270,
,367,110,164,40,305,25,265,
,358,105,178,43,310,30,265,
,366,108,164,40,310,30,260,
,364,106,172,42,305,25,270,
,367,108,168,41,310,25,270,
,371,110,171,42,310,20,275,
,374,107,172,42,315,25,275,
,385,114,161,39,315,25,275,
,392,115,155,38,320,20,275,
,381,108,181,44,325,25,280,
,392,110,168,41,325,25,275,
,391,113,177,43,330,25,275,
,501,118,134,33,330,20,285,
,502,119,134,33,335,25,280,
,501,121,134,33,330,25,280,
,398,109,175,43,340,30,270,
,501,115,134,33,335,25,275,
,408,114,152,37,335,25,275,
,385,107,188,46,335,20,270,
,399,111,156,38,325,15,280,
,389,104,168,41,320,10,295,
,386,106,168,41,320,15,290,
,389,104,159,39,315,15,275,
,391,108,154,38,320,15,280,
,382,102,164,40,315,20,275,
,379,102,168,41,320,20,270,
,379,100,169,41,320,20,275,
,381,101,166,40,320,15,270,
,378,101,168,41,325,20,265,
,383,106,161,39,320,15,270,
,386,104,161,39,320,20,265,
,389,106,161,39,320,15,270,
,388,106,161,39,325,20,265,
,392,105,158,38,325,20,265,
,390,106,161,39,325,20,265,
,383,97,174,42,330,20,265,
,396,105,154,38,330,20,260,
,392,100,162,39,335,20,260,
,397,103,152,37,335,20,260,
,393,104,161,39,340,20,250,
,379,91,187,46,325,10,270,
,389,122,149,36,320,25,275,
,388,122,155,38,325,35,255,
,387,126,150,37,330,35,250,
,383,124,161,39,330,40,250,
,390,124,150,37,335,45,240,
,387,126,152,37,325,35,250,
,389,118,149,36,325,35,250,

1984
